1.1941e-01,-1.1746e-01,6.8231e-04,-4.1220e-07,2.1192e-07,3.4331e-07
-1.1746e-01,1.1941e-01,6.8256e-04,3.1649e-07,-2.0482e-07,-4.2755e-07
6.8231e-04,6.8256e-04,8.3060e-01,-3.2828e-08,-1.6568e-08,2.1406e-08
-4.1220e-07,3.1649e-07,-3.2828e-08,5.5939e-04,-2.3971e-09,-1.2033e-07
2.1192e-07,-2.0482e-07,-1.6568e-08,-2.3971e-09,8.5101e-02,-2.4661e-07
3.4331e-07,-4.2755e-07,2.1406e-08,-1.2033e-07,-2.4661e-07,8.5112e-02
