1.4272e-01,-1.3912e-01,1.2633e-03,-5.2771e-07,4.8244e-08,-1.0308e-07
-1.3912e-01,1.4272e-01,1.2628e-03,3.3917e-07,-8.4769e-08,1.1250e-07
1.2633e-03,1.2628e-03,8.8897e-01,-7.2930e-08,-6.2282e-08,-1.2447e-07
-5.2771e-07,3.3917e-07,-7.2930e-08,9.9446e-04,6.5601e-08,4.4057e-08
4.8244e-08,-8.4769e-08,-6.2282e-08,6.5601e-08,1.0232e-01,-2.0841e-09
-1.0308e-07,1.1250e-07,-1.2447e-07,4.4057e-08,-2.0841e-09,1.0232e-01
