1.2408e-01,-1.2185e-01,7.7818e-04,1.9201e-07,-1.1288e-07,-1.7933e-08
-1.2185e-01,1.2408e-01,7.7906e-04,-2.6891e-07,7.4917e-08,1.3022e-07
7.7818e-04,7.7906e-04,8.4239e-01,-2.8340e-08,4.1191e-08,5.9244e-08
1.9201e-07,-2.6891e-07,-2.8340e-08,6.3374e-04,6.9971e-08,-1.7778e-08
-1.1288e-07,7.4917e-08,4.1191e-08,6.9971e-08,8.8559e-02,-2.5986e-07
-1.7933e-08,1.3022e-07,5.9244e-08,-1.7778e-08,-2.5986e-07,8.8562e-02
