1.2874e-01,-1.2622e-01,8.8394e-04,-2.5914e-07,2.0037e-07,-1.1298e-07
-1.2622e-01,1.2874e-01,8.8392e-04,2.2200e-07,-2.0798e-07,1.4512e-07
8.8394e-04,8.8392e-04,8.5413e-01,-1.4240e-08,-9.7173e-08,-2.3076e-08
-2.5914e-07,2.2200e-07,-1.4240e-08,7.1372e-04,5.5122e-08,-7.2277e-09
2.0037e-07,-2.0798e-07,-9.7173e-08,5.5122e-08,9.2002e-02,1.4759e-07
-1.1298e-07,1.4512e-07,-2.3076e-08,-7.2277e-09,1.4759e-07,9.2005e-02
