1.1474e-01,-1.1304e-01,5.9539e-04,7.4788e-08,5.4157e-08,-6.9656e-08
-1.1304e-01,1.1474e-01,5.9546e-04,-5.0176e-08,-1.0087e-07,7.0738e-08
5.9539e-04,5.9546e-04,8.1873e-01,9.1616e-09,-3.4225e-08,-1.0599e-09
7.4788e-08,-5.0176e-08,9.1616e-09,4.9146e-04,-4.0116e-08,2.5539e-09
5.4157e-08,-1.0087e-07,-3.4225e-08,-4.0116e-08,8.1647e-02,9.3930e-08
-6.9656e-08,7.0738e-08,-1.0599e-09,2.5539e-09,9.3930e-08,8.1649e-02
