7.7127e-02,-7.6679e-02,1.5679e-04,2.7636e-08,-1.9436e-08,1.2206e-07
-7.6679e-02,7.7127e-02,1.5696e-04,-2.7139e-08,-2.1200e-08,-1.2192e-07
1.5679e-04,1.5696e-04,7.2108e-01,3.0017e-09,-3.1992e-08,-3.5179e-08
2.7636e-08,-2.7139e-08,3.0017e-09,1.3449e-04,1.0214e-08,-1.1516e-08
-1.9436e-08,-2.1200e-08,-3.1992e-08,1.0214e-08,5.3961e-02,1.0115e-08
1.2206e-07,-1.2192e-07,-3.5179e-08,-1.1516e-08,1.0115e-08,5.3967e-02
