1.0070e-01,-9.9606e-02,3.8217e-04,9.1245e-08,4.1100e-07,-2.4917e-07
-9.9606e-02,1.0070e-01,3.8224e-04,2.4626e-08,-3.4970e-07,2.4915e-07
3.8217e-04,3.8224e-04,7.8271e-01,4.1139e-08,5.9923e-08,2.6363e-08
9.1245e-08,2.4626e-08,4.1139e-08,3.2128e-04,1.0303e-08,-3.3907e-09
4.1100e-07,-3.4970e-07,5.9923e-08,1.0303e-08,7.1281e-02,4.8456e-09
-2.4917e-07,2.4915e-07,2.6363e-08,-3.3907e-09,4.8456e-09,7.1281e-02
