9.1292e-02,-9.0507e-02,2.7481e-04,-3.3538e-07,3.8587e-07,-2.9617e-07
-9.0507e-02,9.1292e-02,2.7487e-04,3.1167e-07,-3.9826e-07,2.9917e-07
2.7481e-04,2.7487e-04,7.5832e-01,-8.1274e-09,3.4558e-08,5.9258e-09
-3.3538e-07,3.1167e-07,-8.1274e-09,2.3321e-04,-1.6316e-08,2.6608e-11
3.8587e-07,-3.9826e-07,3.4558e-08,-1.6316e-08,6.4346e-02,-5.5277e-08
-2.9617e-07,2.9917e-07,5.9258e-09,2.6608e-11,-5.5277e-08,6.4355e-02
