7.2382e-02,-7.2018e-02,1.2728e-04,-1.2994e-07,-3.1275e-07,2.8618e-09
-7.2018e-02,7.2382e-02,1.2729e-04,1.0730e-07,2.5646e-07,-1.8494e-08
1.2728e-04,1.2729e-04,7.0848e-01,-5.6955e-09,-5.6007e-08,-6.9337e-09
-1.2994e-07,1.0730e-07,-5.6955e-09,1.0937e-04,2.8809e-09,-1.3327e-08
-3.1275e-07,2.5646e-07,-5.6007e-08,2.8809e-09,5.0499e-02,-8.0180e-08
2.8618e-09,-1.8494e-08,-6.9337e-09,-1.3327e-08,-8.0180e-08,5.0503e-02
