1.3340e-01,-1.3055e-01,9.9947e-04,-5.1252e-07,-3.5410e-08,-1.2683e-07
-1.3055e-01,1.3340e-01,9.9963e-04,5.2963e-07,4.9041e-08,1.2852e-07
9.9947e-04,9.9963e-04,8.6580e-01,5.1728e-09,7.6160e-09,3.2126e-08
-5.1252e-07,5.2963e-07,5.1728e-09,8.0079e-04,-4.1217e-08,5.4174e-08
-3.5410e-08,4.9041e-08,7.6160e-09,-4.1217e-08,9.5451e-02,4.0337e-08
-1.2683e-07,1.2852e-07,3.2126e-08,5.4174e-08,4.0337e-08,9.5452e-02
