6.2851e-02,-6.2622e-02,8.0319e-05,-2.6669e-08,-2.2346e-07,-2.0824e-07
-6.2622e-02,6.2851e-02,8.0172e-05,3.7710e-08,2.0783e-07,2.0124e-07
8.0319e-05,8.0172e-05,6.8298e-01,4.3225e-09,5.3567e-09,-4.1823e-08
-2.6669e-08,3.7710e-08,4.3225e-09,6.9073e-05,8.1861e-10,5.4007e-09
-2.2346e-07,2.0783e-07,5.3567e-09,8.1861e-10,4.3587e-02,9.2276e-08
-2.0824e-07,2.0124e-07,-4.1823e-08,5.4007e-09,9.2276e-08,4.3586e-02
