8.6584e-02,-8.5926e-02,2.3023e-04,-2.2909e-07,3.4776e-07,7.9298e-07
-8.5926e-02,8.6584e-02,2.3026e-04,1.6230e-07,-2.9130e-07,-7.8538e-07
2.3023e-04,2.3026e-04,7.4600e-01,-2.2031e-08,-4.8490e-09,1.0894e-07
-2.2909e-07,1.6230e-07,-2.2031e-08,1.9617e-04,-8.0427e-10,1.7751e-08
3.4776e-07,-2.9130e-07,-4.8490e-09,-8.0427e-10,6.0887e-02,-3.8764e-07
7.9298e-07,-7.8538e-07,1.0894e-07,1.7751e-08,-3.8764e-07,6.0892e-02
