6.7621e-02,-6.7330e-02,1.0151e-04,-1.5033e-07,3.7444e-08,1.3817e-07
-6.7330e-02,6.7621e-02,1.0216e-04,1.4419e-07,-2.7096e-08,-1.4226e-07
1.0151e-04,1.0216e-04,6.9578e-01,-3.1652e-09,1.0425e-08,7.6663e-09
-1.5033e-07,1.4419e-07,-3.1652e-09,8.7627e-05,-6.5245e-09,9.9358e-10
3.7444e-08,-2.7096e-08,1.0425e-08,-6.5245e-09,4.7040e-02,1.5451e-08
1.3817e-07,-1.4226e-07,7.6663e-09,9.9358e-10,1.5451e-08,4.7043e-02
