8.6246e+00,4.2770e+00,4.5156e+00,1.6782e-07,-6.6957e-09,-3.5841e-09
4.2770e+00,8.6246e+00,4.5156e+00,-1.9314e-07,-4.4029e-09,-9.2817e-09
4.5156e+00,4.5156e+00,3.8697e+02,-8.8616e-09,1.9639e-07,-2.3167e-07
1.6782e-07,-1.9314e-07,-8.8616e-09,1.9615e+00,1.9754e-10,-1.8564e-09
-6.6957e-09,-4.4029e-09,1.9639e-07,1.9754e-10,2.1786e+00,-1.3986e-08
-3.5841e-09,-9.2817e-09,-2.3167e-07,-1.8564e-09,-1.3986e-08,2.1786e+00
Parameters: [(u'circle', (7.5, 7.5, 0.0, 3.7000000000000002), u'Hard')]