8.4739e+00,4.2308e+00,4.4466e+00,1.2086e-07,1.3126e-08,-4.3400e-09
4.2308e+00,8.4739e+00,4.4466e+00,-2.5828e-07,1.1246e-08,-8.2114e-10
4.4466e+00,4.4466e+00,3.6667e+02,-4.8101e-08,5.2273e-07,-9.7791e-07
1.2086e-07,-2.5828e-07,-4.8101e-08,1.9337e+00,-1.3407e-10,2.5582e-09
1.3126e-08,1.1246e-08,5.2273e-07,-1.3407e-10,2.1332e+00,-1.1331e-08
-4.3400e-09,-8.2114e-10,-9.7791e-07,2.5582e-09,-1.1331e-08,2.1332e+00
Parameters: [(u'circle', (7.5, 7.5, 0.0, 3.6000000000000001), u'Hard')]