6.8936e+00,3.6626e+00,3.6947e+00,4.7315e-07,2.2873e-09,9.5189e-10
3.6626e+00,6.8936e+00,3.6947e+00,-7.4647e-07,7.8980e-10,5.7845e-10
3.6947e+00,3.6947e+00,1.0674e+02,-9.5660e-08,-2.5170e-07,1.0457e-09
4.7315e-07,-7.4647e-07,-9.5660e-08,1.6028e+00,4.3195e-10,2.5735e-10
2.2873e-09,7.8980e-10,-2.5170e-07,4.3195e-10,1.6381e+00,6.1964e-08
9.5189e-10,5.7845e-10,1.0457e-09,2.5735e-10,6.1964e-08,1.6381e+00
Parameters: [(u'circle', (7.5, 7.5, 0.0, 1.8999999999999999), u'Hard')]