1.0224e+01,4.7014e+00,5.2238e+00,-1.0934e-07,9.1084e-09,-1.0727e-09
4.7014e+00,1.0224e+01,5.2238e+00,1.6137e-08,1.5732e-09,3.3885e-09
5.2238e+00,5.2238e+00,5.6947e+02,-3.2620e-08,-3.9079e-07,-5.1542e-07
-1.0934e-07,1.6137e-08,-3.2620e-08,2.2339e+00,-5.7575e-10,-3.1368e-10
9.1084e-09,1.5732e-09,-3.9079e-07,-5.7575e-10,2.6461e+00,-1.4276e-09
-1.0727e-09,3.3885e-09,-5.1542e-07,-3.1368e-10,-1.4276e-09,2.6461e+00
Parameters: [(u'circle', (7.5, 7.5, 0.0, 4.5), u'Hard')]