7.8386e+00,4.0218e+00,4.1512e+00,5.6915e-07,-7.0248e-09,-4.8036e-09
4.0218e+00,7.8386e+00,4.1512e+00,-6.4127e-07,-1.9271e-09,-5.2699e-09
4.1512e+00,4.1512e+00,2.7352e+02,-2.5240e-08,1.1881e-06,2.7103e-07
5.6915e-07,-6.4127e-07,-2.5240e-08,1.8107e+00,-2.2277e-09,-1.2913e-09
-7.0248e-09,-1.9271e-09,1.1881e-06,-2.2277e-09,1.9386e+00,2.0489e-08
-4.8036e-09,-5.2699e-09,2.7103e-07,-1.2913e-09,2.0489e-08,1.9386e+00
Parameters: [(u'circle', (7.5, 7.5, 0.0, 3.1000000000000001), u'Hard')]