7.0074e+00,3.7093e+00,3.7508e+00,-4.6209e-07,-2.8990e-09,3.4173e-09
3.7093e+00,7.0074e+00,3.7508e+00,5.1202e-07,-3.2245e-09,4.6074e-09
3.7508e+00,3.7508e+00,1.2898e+02,1.7473e-08,-2.7459e-07,-3.7649e-07
-4.6209e-07,5.1202e-07,1.7473e-08,1.6299e+00,1.2235e-09,-1.0917e-09
-2.8990e-09,-3.2245e-09,-2.7459e-07,1.2235e-09,1.6751e+00,2.8822e-08
3.4173e-09,4.6074e-09,-3.7649e-07,-1.0917e-09,2.8822e-08,1.6751e+00
Parameters: [(u'circle', (7.5, 7.5, 0.0, 2.1000000000000001), u'Hard')]