1.5119e+01,5.4976e+00,7.2159e+00,-4.4577e-08,-5.8772e-09,-8.7044e-09
5.4976e+00,1.5119e+01,7.2159e+00,8.6134e-08,-7.0748e-09,-3.4080e-08
7.2159e+00,7.2159e+00,9.1045e+02,1.4545e-08,2.0883e-07,-1.2800e-06
-4.4577e-08,8.6134e-08,1.4545e-08,2.9538e+00,1.9786e-09,-1.3483e-09
-5.8772e-09,-7.0748e-09,2.0883e-07,1.9786e-09,3.9826e+00,-1.3162e-08
-8.7044e-09,-3.4080e-08,-1.2800e-06,-1.3483e-09,-1.3162e-08,3.9826e+00
Parameters: [(u'circle', (7.5, 7.5, 0.0, 5.7000000000000002), u'Hard')]