1.2956e+01,5.2164e+00,6.3603e+00,2.1223e-07,1.3334e-09,-1.7669e-08
5.2164e+00,1.2956e+01,6.3603e+00,-1.7665e-07,7.0756e-09,-1.6315e-08
6.3603e+00,6.3603e+00,7.8777e+02,1.2451e-08,6.2940e-07,1.6716e-07
2.1223e-07,-1.7665e-07,1.2451e-08,2.6470e+00,-4.7011e-09,2.1790e-09
1.3334e-09,7.0756e-09,6.2940e-07,-4.7011e-09,3.4036e+00,3.2697e-09
-1.7669e-08,-1.6315e-08,1.6716e-07,2.1790e-09,3.2697e-09,3.4036e+00
Parameters: [(u'circle', (7.5, 7.5, 0.0, 5.2999999999999998), u'Hard')]