6.5449e+00,3.5130e+00,3.5203e+00,-2.1110e-06,6.4817e-10,-4.2745e-09
3.5130e+00,6.5449e+00,3.5203e+00,1.4098e-06,4.9887e-10,-6.0152e-09
3.5203e+00,3.5203e+00,3.4208e+01,-2.4540e-07,-2.7421e-07,-8.8551e-07
-2.1110e-06,1.4098e-06,-2.4540e-07,1.5150e+00,-7.3456e-10,5.8829e-10
6.4817e-10,4.9887e-10,-2.7421e-07,-7.3456e-10,1.5233e+00,-1.5090e-07
-4.2745e-09,-6.0152e-09,-8.8551e-07,5.8829e-10,-1.5090e-07,1.5233e+00
Parameters: [(u'circle', (7.5, 7.5, 0.0, 1.0), u'Hard')]