9.9773e+00,4.6430e+00,5.1171e+00,1.5109e-07,-1.8087e-08,-8.3040e-09
4.6430e+00,9.9773e+00,5.1171e+00,-1.2516e-07,-1.7636e-08,-1.8884e-08
5.1171e+00,5.1171e+00,5.4470e+02,9.0743e-09,-2.4623e-06,-2.0216e-08
1.5109e-07,-1.2516e-07,9.0743e-09,2.1940e+00,-2.3915e-09,-1.6409e-09
-1.8087e-08,-1.7636e-08,-2.4623e-06,-2.3915e-09,2.5755e+00,1.1136e-09
-8.3040e-09,-1.8884e-08,-2.0216e-08,-1.6409e-09,1.1136e-09,2.5755e+00
Parameters: [(u'circle', (7.5, 7.5, 0.0, 4.4000000000000004), u'Hard')]