7.1365e+00,3.7611e+00,3.8142e+00,-1.5425e-07,-2.1809e-09,2.2745e-09
3.7611e+00,7.1365e+00,3.8142e+00,-1.0457e-07,-1.1997e-09,1.7655e-09
3.8142e+00,3.8142e+00,1.5343e+02,-9.0587e-08,3.5743e-07,2.7235e-09
-1.5425e-07,-1.0457e-07,-9.0587e-08,1.6599e+00,8.5773e-10,-7.1520e-10
-2.1809e-09,-1.1997e-09,3.5743e-07,8.5773e-10,1.7168e+00,-7.1050e-08
2.2745e-09,1.7655e-09,2.7235e-09,-7.1520e-10,-7.1050e-08,1.7168e+00
Parameters: [(u'circle', (7.5, 7.5, 0.0, 2.2999999999999998), u'Hard')]