7.9515e+00,4.0607e+00,4.2043e+00,-6.6885e-08,-3.2533e-09,-7.9315e-10
4.0607e+00,7.9515e+00,4.2043e+00,5.4142e-08,-6.9360e-10,-5.8776e-09
4.2043e+00,4.2043e+00,2.9104e+02,-4.4603e-09,-2.6116e-07,4.3120e-07
-6.6885e-08,5.4142e-08,-4.4603e-09,1.8333e+00,2.9427e-10,4.8231e-10
-3.2533e-09,-6.9360e-10,-2.6116e-07,2.9427e-10,1.9736e+00,-1.3200e-08
-7.9315e-10,-5.8776e-09,4.3120e-07,4.8231e-10,-1.3200e-08,1.9736e+00
Parameters: [(u'circle', (7.5, 7.5, 0.0, 3.2000000000000002), u'Hard')]