7.6314e+00,3.9484e+00,4.0529e+00,2.5063e-07,-2.2882e-08,-8.5077e-09
3.9484e+00,7.6314e+00,4.0529e+00,2.4481e-07,-1.1080e-08,-6.5746e-09
4.0529e+00,4.0529e+00,2.4016e+02,1.7340e-07,-6.2963e-07,-6.1047e-07
2.5063e-07,2.4481e-07,1.7340e-07,1.7681e+00,-2.3765e-09,-1.4433e-09
-2.2882e-08,-1.1080e-08,-6.2963e-07,-2.3765e-09,1.8739e+00,2.9017e-08
-8.5077e-09,-6.5746e-09,-6.1047e-07,-1.4433e-09,2.9017e-08,1.8739e+00
Parameters: [(u'circle', (7.5, 7.5, 0.0, 2.9000000000000004), u'Hard')]