6.6693e+00,3.5675e+00,3.5829e+00,3.7720e-07,-6.8232e-09,3.2182e-09
3.5675e+00,6.6693e+00,3.5829e+00,-5.7155e-07,-3.5292e-09,2.0763e-09
3.5829e+00,3.5829e+00,6.0886e+01,-6.8026e-08,1.3313e-07,3.6674e-09
3.7720e-07,-5.7155e-07,-6.8026e-08,1.5472e+00,1.4217e-09,-8.9154e-10
-6.8232e-09,-3.5292e-09,1.3313e-07,1.4217e-09,1.5645e+00,-7.9087e-08
3.2182e-09,2.0763e-09,3.6674e-09,-8.9154e-10,-7.9087e-08,1.5645e+00
Parameters: [(u'circle', (7.5, 7.5, 0.0, 1.3999999999999999), u'Hard')]