6.7077e+00,3.5841e+00,3.6022e+00,-5.8095e-07,1.6518e-09,-1.9224e-09
3.5841e+00,6.7077e+00,3.6022e+00,1.0410e-06,9.5283e-10,-1.5864e-09
3.6022e+00,3.6022e+00,6.8945e+01,1.6103e-07,-3.2676e-07,-2.4249e-09
-5.8095e-07,1.0410e-06,1.6103e-07,1.5570e+00,-7.2502e-10,6.5658e-10
1.6518e-09,9.5283e-10,-3.2676e-07,-7.2502e-10,1.5772e+00,1.4364e-07
-1.9224e-09,-1.5864e-09,-2.4249e-09,6.5658e-10,1.4364e-07,1.5772e+00
Parameters: [(u'circle', (7.5, 7.5, 0.0, 1.5), u'Hard')]