2.0501e+01,5.9191e+00,9.2469e+00,-1.3152e-06,5.3370e-08,-1.2097e-08
5.9191e+00,2.0501e+01,9.2469e+00,4.9201e-07,2.0240e-08,-2.4332e-08
9.2469e+00,9.2469e+00,1.1116e+03,-2.8811e-07,-1.5846e-06,-2.5607e-08
-1.3152e-06,4.9201e-07,-2.8811e-07,3.6872e+00,-2.3757e-09,3.5567e-09
5.3370e-08,2.0240e-08,-1.5846e-06,-2.3757e-09,5.3853e+00,2.8182e-08
-1.2097e-08,-2.4332e-08,-2.5607e-08,3.5567e-09,2.8182e-08,5.3853e+00
Parameters: [(u'circle', (7.5, 7.5, 0.0, 6.3000000000000007), u'Hard')]