7.5365e+00,3.9138e+00,4.0076e+00,-3.5693e-07,-2.4787e-09,-8.9677e-10
3.9138e+00,7.5365e+00,4.0076e+00,3.3516e-07,-2.9630e-09,-4.4703e-09
4.0076e+00,4.0076e+00,2.2432e+02,-7.6213e-09,-4.1114e-07,5.2825e-07
-3.5693e-07,3.3516e-07,-7.6213e-09,1.7480e+00,-1.5689e-10,-8.0204e-10
-2.4787e-09,-2.9630e-09,-4.1114e-07,-1.5689e-10,1.8441e+00,-1.8290e-09
-8.9677e-10,-4.4703e-09,5.2825e-07,-8.0204e-10,-1.8290e-09,1.8441e+00
Parameters: [(u'circle', (7.5, 7.5, 0.0, 2.7999999999999998), u'Hard')]