9.5294e+00,4.5309e+00,4.9211e+00,2.1195e-07,2.5065e-08,1.0954e-08
4.5309e+00,9.5294e+00,4.9211e+00,-1.4642e-07,9.6715e-09,2.0544e-08
4.9211e+00,4.9211e+00,4.9684e+02,2.2934e-08,-4.4294e-07,-4.4053e-07
2.1195e-07,-1.4642e-07,2.2934e-08,2.1199e+00,2.2809e-09,1.0070e-09
2.5065e-08,9.6715e-09,-4.4294e-07,2.2809e-09,2.4460e+00,-3.9096e-09
1.0954e-08,2.0544e-08,-4.4053e-07,1.0070e-09,-3.9096e-09,2.4460e+00
Parameters: [(u'circle', (7.5, 7.5, 0.0, 4.2000000000000002), u'Hard')]