1.1394e+01,4.9488e+00,5.7198e+00,2.5949e-09,1.3005e-08,-2.3648e-09
4.9488e+00,1.1394e+01,5.7198e+00,8.6525e-08,-2.0549e-09,1.7568e-09
5.7198e+00,5.7198e+00,6.7413e+02,3.1192e-08,-1.0655e-06,-4.2001e-07
2.5949e-09,8.6525e-08,3.1192e-08,2.4160e+00,-1.1566e-10,-1.1196e-09
1.3005e-08,-2.0549e-09,-1.0655e-06,-1.1566e-10,2.9753e+00,8.0506e-09
-2.3648e-09,1.7568e-09,-4.2001e-07,-1.1196e-09,8.0506e-09,2.9753e+00
Parameters: [(u'circle', (7.5, 7.5, 0.0, 4.9000000000000004), u'Hard')]