8.0710e+00,4.1010e+00,4.2602e+00,-3.3520e-07,-7.2888e-09,5.4308e-09
4.1010e+00,8.0710e+00,4.2602e+00,2.2597e-07,-3.7602e-09,3.7391e-09
4.2602e+00,4.2602e+00,3.0911e+02,-3.8233e-08,-2.5942e-07,5.2841e-07
-3.3520e-07,2.2597e-07,-3.8233e-08,1.8569e+00,1.0265e-09,-8.3547e-10
-7.2888e-09,-3.7602e-09,-2.5942e-07,1.0265e-09,2.0104e+00,2.0540e-08
5.4308e-09,3.7391e-09,5.2841e-07,-8.3547e-10,2.0540e-08,2.0104e+00
Parameters: [(u'circle', (7.5, 7.5, 0.0, 3.3000000000000003), u'Hard')]