1.5794e+01,5.5688e+00,7.4771e+00,-1.0237e-07,4.1705e-08,1.7909e-09
5.5688e+00,1.5794e+01,7.4771e+00,-2.6551e-08,2.5715e-08,5.4961e-09
7.4771e+00,7.4771e+00,9.4253e+02,-4.5123e-08,7.4088e-07,7.4935e-07
-1.0237e-07,-2.6551e-08,-4.5123e-08,3.0476e+00,-2.5112e-09,2.9814e-09
4.1705e-08,2.5715e-08,7.4088e-07,-2.5112e-09,4.1609e+00,-2.1770e-08
1.7909e-09,5.4961e-09,7.4935e-07,2.9814e-09,-2.1770e-08,4.1609e+00
Parameters: [(u'circle', (7.5, 7.5, 0.0, 5.8000000000000007), u'Hard')]