6.6339e+00,3.5521e+00,3.5651e+00,-1.1916e-06,-4.9720e-10,-3.4402e-09
3.5521e+00,6.6339e+00,3.5651e+00,1.0618e-06,2.4844e-10,-5.1976e-09
3.5651e+00,3.5651e+00,5.3382e+01,-4.5442e-08,-4.0921e-07,-4.0696e-07
-1.1916e-06,1.0618e-06,-4.5442e-08,1.5382e+00,-4.1595e-10,1.0736e-09
-4.9720e-10,2.4844e-10,-4.0921e-07,-4.1595e-10,1.5528e+00,1.1451e-07
-3.4402e-09,-5.1976e-09,-4.0696e-07,1.0736e-09,1.1451e-07,1.5528e+00
Parameters: [(u'circle', (7.5, 7.5, 0.0, 1.3), u'Hard')]