6.5717e+00,3.5249e+00,3.5338e+00,9.1628e-07,2.6454e-09,1.4212e-10
3.5249e+00,6.5717e+00,3.5338e+00,-1.9735e-07,1.8489e-09,1.9739e-10
3.5338e+00,3.5338e+00,4.0043e+01,2.5163e-07,3.5918e-07,2.5498e-07
9.1628e-07,-1.9735e-07,2.5163e-07,1.5220e+00,-3.9022e-10,1.8453e-10
2.6454e-09,1.8489e-09,3.5918e-07,-3.9022e-10,1.5322e+00,2.6699e-09
1.4212e-10,1.9739e-10,2.5498e-07,1.8453e-10,2.6699e-09,1.5322e+00
Parameters: [(u'circle', (7.5, 7.5, 0.0, 1.1000000000000001), u'Hard')]