8.3317e+00,4.1860e+00,4.3812e+00,1.8853e-07,8.3472e-09,-6.5245e-09
4.1860e+00,8.3317e+00,4.3812e+00,-1.7974e-07,6.4658e-09,-5.1042e-09
4.3812e+00,4.3812e+00,3.4693e+02,3.0764e-09,9.6415e-09,-1.3938e-07
1.8853e-07,-1.7974e-07,3.0764e-09,1.9070e+00,-1.8186e-09,2.5015e-09
8.3472e-09,6.4658e-09,9.6415e-09,-1.8186e-09,2.0901e+00,-2.1959e-08
-6.5245e-09,-5.1042e-09,-1.3938e-07,2.5015e-09,-2.1959e-08,2.0901e+00
Parameters: [(u'circle', (7.5, 7.5, 0.0, 3.5), u'Hard')]