1.1070e+01,4.8849e+00,5.5842e+00,6.9805e-08,2.3228e-08,1.1484e-08
4.8849e+00,1.1070e+01,5.5842e+00,7.3232e-09,1.8827e-09,1.6531e-08
5.5842e+00,5.5842e+00,6.4712e+02,2.6996e-08,3.2194e-07,-2.7719e-07
6.9805e-08,7.3232e-09,2.6996e-08,2.3667e+00,3.2822e-09,-1.2928e-09
2.3228e-08,1.8827e-09,3.2194e-07,3.2822e-09,2.8852e+00,-1.9130e-08
1.1484e-08,1.6531e-08,-2.7719e-07,-1.2928e-09,-1.9130e-08,2.8852e+00
Parameters: [(u'circle', (7.5, 7.5, 0.0, 4.8000000000000007), u'Hard')]