7.2073e+00,3.7890e+00,3.8487e+00,-3.3200e-07,3.3794e-09,-1.0017e-08
3.7890e+00,7.2073e+00,3.8487e+00,2.7506e-07,1.1726e-09,-1.2783e-08
3.8487e+00,3.8487e+00,1.6650e+02,-1.9930e-08,-1.1487e-06,-7.2527e-07
-3.3200e-07,2.7506e-07,-1.9930e-08,1.6760e+00,-1.6257e-09,2.1602e-09
3.3794e-09,1.1726e-09,-1.1487e-06,-1.6257e-09,1.7395e+00,-4.9754e-08
-1.0017e-08,-1.2783e-08,-7.2527e-07,2.1602e-09,-4.9754e-08,1.7395e+00
Parameters: [(u'circle', (7.5, 7.5, 0.0, 2.4000000000000004), u'Hard')]