6.6014e+00,3.5379e+00,3.5488e+00,2.3970e-07,-6.5493e-09,1.2378e-09
3.5379e+00,6.6014e+00,3.5488e+00,-6.1545e-07,-4.5195e-09,8.5721e-10
3.5488e+00,3.5488e+00,4.6435e+01,-1.3151e-07,-5.1093e-07,-3.3579e-07
2.3970e-07,-6.1545e-07,-1.3151e-07,1.5298e+00,1.3124e-09,-7.3210e-10
-6.5493e-09,-4.5195e-09,-5.1093e-07,1.3124e-09,1.5420e+00,-2.2328e-07
1.2378e-09,8.5721e-10,-3.3579e-07,-7.3210e-10,-2.2328e-07,1.5420e+00
Parameters: [(u'circle', (7.5, 7.5, 0.0, 1.2), u'Hard')]