7.0699e+00,3.7346e+00,3.7816e+00,3.1059e-07,-3.3258e-09,1.6186e-09
3.7346e+00,7.0699e+00,3.7816e+00,-2.0275e-07,-4.5067e-09,2.9324e-09
3.7816e+00,3.7816e+00,1.4093e+02,3.7746e-08,-5.9493e-07,-1.5781e-08
3.1059e-07,-2.0275e-07,3.7746e-08,1.6446e+00,6.9721e-10,-5.8708e-10
-3.3258e-09,-4.5067e-09,-5.9493e-07,6.9721e-10,1.6953e+00,-1.1826e-07
1.6186e-09,2.9324e-09,-1.5781e-08,-5.8708e-10,-1.1826e-07,1.6953e+00
Parameters: [(u'circle', (7.5, 7.5, 0.0, 2.2000000000000002), u'Hard')]