2.7384e+01,6.1903e+00,1.1751e+01,-8.0535e-07,-1.6591e-07,-4.9130e-09
6.1903e+00,2.7384e+01,1.1751e+01,7.3394e-07,-1.4281e-08,-1.4378e-09
1.1751e+01,1.1751e+01,1.2576e+03,-2.4989e-08,2.6446e-06,1.5141e-06
-8.0535e-07,7.3394e-07,-2.4989e-08,4.5988e+00,-1.0814e-08,-3.2566e-09
-1.6591e-07,-1.4281e-08,2.6446e-06,-1.0814e-08,7.1418e+00,-1.8746e-08
-4.9130e-09,-1.4378e-09,1.5141e-06,-3.2566e-09,-1.8746e-08,7.1418e+00
Parameters: [(u'circle', (7.5, 7.5, 0.0, 6.7000000000000002), u'Hard')]