6.7232e-02,-6.6945e-02,1.0032e-04,4.4542e-06,1.6738e-08,-2.8560e-08
-6.6945e-02,6.7232e-02,1.0032e-04,-4.4487e-06,-1.5646e-08,3.5032e-08
1.0032e-04,1.0032e-04,6.9548e-01,1.9553e-09,-1.1243e-09,8.2408e-09
4.4542e-06,-4.4487e-06,1.9553e-09,8.4156e-05,9.9905e-10,-5.8159e-09
1.6738e-08,-1.5646e-08,-1.1243e-09,9.9905e-10,4.6704e-02,-3.6685e-08
-2.8560e-08,3.5032e-08,8.2408e-09,-5.8159e-09,-3.6685e-08,4.6704e-02
Parameters: [(u'antichiral', (25.0, 25.0, 90.0, 5.0, 25.0, 0.69999999999999996), u'empty'), (u'antichiral', (0.0, 25.0, 0.0, 5.0, 25.0, 0.69999999999999996), u'empty'), (u'antichiral', (50.0, 25.0, 0.0, 5.0, 25.0, 0.69999999999999996), u'empty'), (u'antichiral', (0.0, 50.0, 90.0, 5.0, 25.0, 0.69999999999999996), u'empty'), (u'antichiral', (25.0, 50.0, 0.0, 5.0, 25.0, 0.69999999999999996), u'empty'), (u'antichiral', (50.0, 50.0, 90.0, 5.0, 25.0, 0.69999999999999996), u'empty'), (u'antichiral', (0.0, 0.0, 90.0, 5.0, 25.0, 0.69999999999999996), u'empty'), (u'antichiral', (25.0, 0.0, 0.0, 5.0, 25.0, 0.69999999999999996), u'empty'), (u'antichiral', (50.0, 0.0, 90.0, 5.0, 25.0, 0.69999999999999996), u'empty')]