1.0957e-01,-1.0811e-01,5.0934e-04,8.4667e-06,1.8171e-08,-1.0810e-08
-1.0811e-01,1.0957e-01,5.0943e-04,-8.4394e-06,-1.9683e-08,1.0484e-08
5.0934e-04,5.0943e-04,8.0647e-01,9.5709e-09,-2.4572e-09,-1.0254e-09
8.4667e-06,-8.4394e-06,9.5709e-09,4.1419e-04,3.1879e-10,-2.2387e-10
1.8171e-08,-1.9683e-08,-2.4572e-09,3.1879e-10,7.7708e-02,3.4522e-08
-1.0810e-08,1.0484e-08,-1.0254e-09,-2.2387e-10,3.4522e-08,7.7706e-02
Parameters: [(u'antichiral', (25.0, 25.0, 90.0, 5.0, 25.0, 1.1499999999999999), u'empty'), (u'antichiral', (0.0, 25.0, 0.0, 5.0, 25.0, 1.1499999999999999), u'empty'), (u'antichiral', (50.0, 25.0, 0.0, 5.0, 25.0, 1.1499999999999999), u'empty'), (u'antichiral', (0.0, 50.0, 90.0, 5.0, 25.0, 1.1499999999999999), u'empty'), (u'antichiral', (25.0, 50.0, 0.0, 5.0, 25.0, 1.1499999999999999), u'empty'), (u'antichiral', (50.0, 50.0, 90.0, 5.0, 25.0, 1.1499999999999999), u'empty'), (u'antichiral', (0.0, 0.0, 90.0, 5.0, 25.0, 1.1499999999999999), u'empty'), (u'antichiral', (25.0, 0.0, 0.0, 5.0, 25.0, 1.1499999999999999), u'empty'), (u'antichiral', (50.0, 0.0, 90.0, 5.0, 25.0, 1.1499999999999999), u'empty')]