1.0490e-01,-1.0364e-01,4.3941e-04,7.9487e-06,1.5340e-08,-1.6106e-08
-1.0364e-01,1.0490e-01,4.3950e-04,-7.9674e-06,-1.8085e-08,1.4077e-08
4.3941e-04,4.3950e-04,7.9446e-01,-6.5457e-09,-3.8641e-09,-3.3621e-09
7.9487e-06,-7.9674e-06,-6.5457e-09,3.5937e-04,1.1927e-09,-1.1068e-09
1.5340e-08,-1.8085e-08,-3.8641e-09,1.1927e-09,7.4263e-02,-3.1063e-08
-1.6106e-08,1.4077e-08,-3.3621e-09,-1.1068e-09,-3.1063e-08,7.4264e-02
Parameters: [(u'antichiral', (25.0, 25.0, 90.0, 5.0, 25.0, 1.1000000000000001), u'empty'), (u'antichiral', (0.0, 25.0, 0.0, 5.0, 25.0, 1.1000000000000001), u'empty'), (u'antichiral', (50.0, 25.0, 0.0, 5.0, 25.0, 1.1000000000000001), u'empty'), (u'antichiral', (0.0, 50.0, 90.0, 5.0, 25.0, 1.1000000000000001), u'empty'), (u'antichiral', (25.0, 50.0, 0.0, 5.0, 25.0, 1.1000000000000001), u'empty'), (u'antichiral', (50.0, 50.0, 90.0, 5.0, 25.0, 1.1000000000000001), u'empty'), (u'antichiral', (0.0, 0.0, 90.0, 5.0, 25.0, 1.1000000000000001), u'empty'), (u'antichiral', (25.0, 0.0, 0.0, 5.0, 25.0, 1.1000000000000001), u'empty'), (u'antichiral', (50.0, 0.0, 90.0, 5.0, 25.0, 1.1000000000000001), u'empty')]