1.3286e-01,-1.3004e-01,9.8556e-04,1.0795e-05,-8.2867e-09,2.0955e-08
-1.3004e-01,1.3286e-01,9.8569e-04,-1.0839e-05,8.1553e-09,-1.4493e-08
9.8556e-04,9.8569e-04,8.6546e-01,-1.5432e-08,2.7695e-10,6.3544e-09
1.0795e-05,-1.0839e-05,-1.5432e-08,7.7405e-04,8.4150e-10,-5.4332e-09
-8.2867e-09,8.1553e-09,2.7695e-10,8.4150e-10,9.4894e-02,-1.3703e-08
2.0955e-08,-1.4493e-08,6.3544e-09,-5.4332e-09,-1.3703e-08,9.4894e-02
Parameters: [(u'antichiral', (25.0, 25.0, 90.0, 5.0, 25.0, 1.3999999999999999), u'empty'), (u'antichiral', (0.0, 25.0, 0.0, 5.0, 25.0, 1.3999999999999999), u'empty'), (u'antichiral', (50.0, 25.0, 0.0, 5.0, 25.0, 1.3999999999999999), u'empty'), (u'antichiral', (0.0, 50.0, 90.0, 5.0, 25.0, 1.3999999999999999), u'empty'), (u'antichiral', (25.0, 50.0, 0.0, 5.0, 25.0, 1.3999999999999999), u'empty'), (u'antichiral', (50.0, 50.0, 90.0, 5.0, 25.0, 1.3999999999999999), u'empty'), (u'antichiral', (0.0, 0.0, 90.0, 5.0, 25.0, 1.3999999999999999), u'empty'), (u'antichiral', (25.0, 0.0, 0.0, 5.0, 25.0, 1.3999999999999999), u'empty'), (u'antichiral', (50.0, 0.0, 90.0, 5.0, 25.0, 1.3999999999999999), u'empty')]