4.8132e-02,-4.8035e-02,3.4182e-05,2.8778e-06,-2.8435e-08,9.5509e-09
-4.8035e-02,4.8132e-02,3.4172e-05,-2.8732e-06,2.4990e-08,-1.2201e-08
3.4182e-05,3.4172e-05,6.4360e-01,1.6088e-09,-7.2216e-09,-5.8528e-09
2.8778e-06,-2.8732e-06,1.6088e-09,2.8512e-05,1.5094e-09,-9.0778e-10
-2.8435e-08,2.4990e-08,-7.2216e-09,1.5094e-09,3.3002e-02,2.0259e-08
9.5509e-09,-1.2201e-08,-5.8528e-09,-9.0778e-10,2.0259e-08,3.3002e-02
Parameters: [(u'antichiral', (25.0, 25.0, 90.0, 5.0, 25.0, 0.5), u'empty'), (u'antichiral', (0.0, 25.0, 0.0, 5.0, 25.0, 0.5), u'empty'), (u'antichiral', (50.0, 25.0, 0.0, 5.0, 25.0, 0.5), u'empty'), (u'antichiral', (0.0, 50.0, 90.0, 5.0, 25.0, 0.5), u'empty'), (u'antichiral', (25.0, 50.0, 0.0, 5.0, 25.0, 0.5), u'empty'), (u'antichiral', (50.0, 50.0, 90.0, 5.0, 25.0, 0.5), u'empty'), (u'antichiral', (0.0, 0.0, 90.0, 5.0, 25.0, 0.5), u'empty'), (u'antichiral', (25.0, 0.0, 0.0, 5.0, 25.0, 0.5), u'empty'), (u'antichiral', (50.0, 0.0, 90.0, 5.0, 25.0, 0.5), u'empty')]