1.3751e-01,-1.3434e-01,1.1101e-03,1.0867e-05,5.7723e-09,-6.3205e-09
-1.3434e-01,1.3751e-01,1.1102e-03,-1.0837e-05,-6.2755e-09,5.4766e-09
1.1101e-03,1.1102e-03,8.7707e-01,1.0538e-08,-8.9675e-10,-1.1330e-09
1.0867e-05,-1.0837e-05,1.0538e-08,8.6480e-04,1.6531e-10,-6.1581e-10
5.7723e-09,-6.2755e-09,-8.9675e-10,1.6531e-10,9.8322e-02,-2.7363e-08
-6.3205e-09,5.4766e-09,-1.1330e-09,-6.1581e-10,-2.7363e-08,9.8323e-02
Parameters: [(u'antichiral', (25.0, 25.0, 90.0, 5.0, 25.0, 1.4500000000000002), u'empty'), (u'antichiral', (0.0, 25.0, 0.0, 5.0, 25.0, 1.4500000000000002), u'empty'), (u'antichiral', (50.0, 25.0, 0.0, 5.0, 25.0, 1.4500000000000002), u'empty'), (u'antichiral', (0.0, 50.0, 90.0, 5.0, 25.0, 1.4500000000000002), u'empty'), (u'antichiral', (25.0, 50.0, 0.0, 5.0, 25.0, 1.4500000000000002), u'empty'), (u'antichiral', (50.0, 50.0, 90.0, 5.0, 25.0, 1.4500000000000002), u'empty'), (u'antichiral', (0.0, 0.0, 90.0, 5.0, 25.0, 1.4500000000000002), u'empty'), (u'antichiral', (25.0, 0.0, 0.0, 5.0, 25.0, 1.4500000000000002), u'empty'), (u'antichiral', (50.0, 0.0, 90.0, 5.0, 25.0, 1.4500000000000002), u'empty')]