5.2927e-02,-5.2795e-02,4.6289e-05,3.2565e-06,4.6585e-09,-7.2870e-09
-5.2795e-02,5.2927e-02,4.6295e-05,-3.2561e-06,-2.9613e-09,9.7534e-09
4.6289e-05,4.6295e-05,6.5675e-01,1.3084e-10,3.6647e-09,4.2807e-09
3.2565e-06,-3.2561e-06,1.3084e-10,3.8732e-05,1.1979e-09,-1.6151e-09
4.6585e-09,-2.9613e-09,3.6647e-09,1.1979e-09,3.6416e-02,-2.7631e-09
-7.2870e-09,9.7534e-09,4.2807e-09,-1.6151e-09,-2.7631e-09,3.6416e-02
Parameters: [(u'antichiral', (25.0, 25.0, 90.0, 5.0, 25.0, 0.55000000000000004), u'empty'), (u'antichiral', (0.0, 25.0, 0.0, 5.0, 25.0, 0.55000000000000004), u'empty'), (u'antichiral', (50.0, 25.0, 0.0, 5.0, 25.0, 0.55000000000000004), u'empty'), (u'antichiral', (0.0, 50.0, 90.0, 5.0, 25.0, 0.55000000000000004), u'empty'), (u'antichiral', (25.0, 50.0, 0.0, 5.0, 25.0, 0.55000000000000004), u'empty'), (u'antichiral', (50.0, 50.0, 90.0, 5.0, 25.0, 0.55000000000000004), u'empty'), (u'antichiral', (0.0, 0.0, 90.0, 5.0, 25.0, 0.55000000000000004), u'empty'), (u'antichiral', (25.0, 0.0, 0.0, 5.0, 25.0, 0.55000000000000004), u'empty'), (u'antichiral', (50.0, 0.0, 90.0, 5.0, 25.0, 0.55000000000000004), u'empty')]