7.6709e-02,-7.6267e-02,1.5458e-04,5.3019e-06,1.5981e-08,-7.4849e-09
-7.6267e-02,7.6709e-02,1.5456e-04,-5.3133e-06,-1.3760e-08,9.3203e-09
1.5458e-04,1.5456e-04,7.2077e-01,-3.9980e-09,1.2673e-09,1.8914e-09
5.3019e-06,-5.3133e-06,-3.9980e-09,1.2935e-04,2.1368e-09,-2.0445e-09
1.5981e-08,-1.3760e-08,1.2673e-09,2.1368e-09,5.3587e-02,-1.4270e-08
-7.4849e-09,9.3203e-09,1.8914e-09,-2.0445e-09,-1.4270e-08,5.3586e-02
Parameters: [(u'antichiral', (25.0, 25.0, 90.0, 5.0, 25.0, 0.80000000000000004), u'empty'), (u'antichiral', (0.0, 25.0, 0.0, 5.0, 25.0, 0.80000000000000004), u'empty'), (u'antichiral', (50.0, 25.0, 0.0, 5.0, 25.0, 0.80000000000000004), u'empty'), (u'antichiral', (0.0, 50.0, 90.0, 5.0, 25.0, 0.80000000000000004), u'empty'), (u'antichiral', (25.0, 50.0, 0.0, 5.0, 25.0, 0.80000000000000004), u'empty'), (u'antichiral', (50.0, 50.0, 90.0, 5.0, 25.0, 0.80000000000000004), u'empty'), (u'antichiral', (0.0, 0.0, 90.0, 5.0, 25.0, 0.80000000000000004), u'empty'), (u'antichiral', (25.0, 0.0, 0.0, 5.0, 25.0, 0.80000000000000004), u'empty'), (u'antichiral', (50.0, 0.0, 90.0, 5.0, 25.0, 0.80000000000000004), u'empty')]