8.6139e-02,-8.5491e-02,2.2691e-04,6.1552e-06,2.6426e-08,-2.9615e-08
-8.5491e-02,8.6139e-02,2.2690e-04,-6.1419e-06,-2.7980e-08,2.9057e-08
2.2691e-04,2.2690e-04,7.4568e-01,4.6549e-09,-3.5146e-09,-4.2286e-09
6.1552e-06,-6.1419e-06,4.6549e-09,1.8885e-04,2.4757e-10,1.0521e-11
2.6426e-08,-2.7980e-08,-3.5146e-09,2.4757e-10,6.0476e-02,-3.3186e-08
-2.9615e-08,2.9057e-08,-4.2286e-09,1.0521e-11,-3.3186e-08,6.0475e-02
Parameters: [(u'antichiral', (25.0, 25.0, 90.0, 5.0, 25.0, 0.90000000000000002), u'empty'), (u'antichiral', (0.0, 25.0, 0.0, 5.0, 25.0, 0.90000000000000002), u'empty'), (u'antichiral', (50.0, 25.0, 0.0, 5.0, 25.0, 0.90000000000000002), u'empty'), (u'antichiral', (0.0, 50.0, 90.0, 5.0, 25.0, 0.90000000000000002), u'empty'), (u'antichiral', (25.0, 50.0, 0.0, 5.0, 25.0, 0.90000000000000002), u'empty'), (u'antichiral', (50.0, 50.0, 90.0, 5.0, 25.0, 0.90000000000000002), u'empty'), (u'antichiral', (0.0, 0.0, 90.0, 5.0, 25.0, 0.90000000000000002), u'empty'), (u'antichiral', (25.0, 0.0, 0.0, 5.0, 25.0, 0.90000000000000002), u'empty'), (u'antichiral', (50.0, 0.0, 90.0, 5.0, 25.0, 0.90000000000000002), u'empty')]