1.2355e-01,-1.2136e-01,7.6757e-04,9.5540e-06,-1.2511e-08,-5.2754e-09
-1.2136e-01,1.2355e-01,7.6770e-04,-9.5681e-06,1.3369e-08,4.2980e-09
7.6757e-04,7.6770e-04,8.4206e-01,-4.9283e-09,2.1257e-09,-7.2247e-10
9.5540e-06,-9.5681e-06,-4.9283e-09,6.1205e-04,8.7244e-10,-7.0804e-10
-1.2511e-08,1.3369e-08,2.1257e-09,8.7244e-10,8.8028e-02,-6.3894e-08
-5.2754e-09,4.2980e-09,-7.2247e-10,-7.0804e-10,-6.3894e-08,8.8029e-02
Parameters: [(u'antichiral', (25.0, 25.0, 90.0, 5.0, 25.0, 1.3), u'empty'), (u'antichiral', (0.0, 25.0, 0.0, 5.0, 25.0, 1.3), u'empty'), (u'antichiral', (50.0, 25.0, 0.0, 5.0, 25.0, 1.3), u'empty'), (u'antichiral', (0.0, 50.0, 90.0, 5.0, 25.0, 1.3), u'empty'), (u'antichiral', (25.0, 50.0, 0.0, 5.0, 25.0, 1.3), u'empty'), (u'antichiral', (50.0, 50.0, 90.0, 5.0, 25.0, 1.3), u'empty'), (u'antichiral', (0.0, 0.0, 90.0, 5.0, 25.0, 1.3), u'empty'), (u'antichiral', (25.0, 0.0, 0.0, 5.0, 25.0, 1.3), u'empty'), (u'antichiral', (50.0, 0.0, 90.0, 5.0, 25.0, 1.3), u'empty')]